0160031070001
0160026580001
0160009300001
0160019100001
0260016920001
0260015950001
0360024170001
0360000660001
0560028200001
0560009170001
0460019150001
0560016700001
0460014780001
0460003740001
0460008380001
0460026520001
0760039200001
0760004250001
0760035990001
0760025920001
0760018470001
0760035210001
0760014210001
0760022820001
0660805600001
0660829620001
0660814430001
0660810950001
0660804550001
0660814780001
0660819580001
0660817960001
0660806920001
0860016910001
0860037400001
0860018100001
0860035540001
0860033250001
0968532110001
0968575510001
0968522580001
0968524600001
0968531810001
0968502550001
0968524870001
0968541370001
0968552570001
0968540050001
0968545360001
0960004560001
0968510810001
0968544710001
0968545010001
0968547220001
0968560750001
0968578100001
0968539470001
0968507430001
1060017820001
1060024520001
1060019360001
1060028430001
1260009520001
1260015920001
1260030560001
1262956934001
1160016080001
1160039450001
1160037320001
1160005470001
1660013580001
1660012850001
1360050650001
1360054210001
1360039840001
1460006490001
1460013190001
1460021020001
1460020720001
1460016370001
1360051890001
1360006080001
1768121330001
1768081790001
1760001120001
1768063030001
1768097360001
1768053900001
1768015730001
1768022860001
1768050480001
1768125590001
1768086910001
1768104160001
1768024480001
1768003210001
1768049200001
1768032580001
1768071800001
1768023670001
